100000 99997 0.99997
200000 199503 0.997515
300000 298264 0.994213333333
400000 396524 0.99131
500000 494550 0.9891
600000 592268 0.987113333333
700000 689339 0.98477
800000 784381 0.98047625
900000 874281 0.971423333333
1000000 954737 0.954737
1100000 1021741 0.928855454545
1200000 1072629 0.8938575
1300000 1108868 0.852975384615
1400000 1132999 0.809285
1500000 1148011 0.765340666667
1600000 1157136 0.72321
1700000 1162567 0.683862941176
1800000 1165549 0.647527222222
1900000 1167242 0.614337894737
2000000 1168228 0.584114
2100000 1168860 0.5566
2200000 1169218 0.531462727273
2300000 1169439 0.50845173913
2400000 1169607 0.48733625
2500000 1169738 0.4678952
2600000 1169836 0.449936923077
2700000 1169907 0.433298888889
2800000 1169954 0.417840714286
2900000 1170013 0.403452758621
3000000 1170052 0.390017333333
3100000 1170076 0.377443870968
3200000 1170097 0.3656553125
3300000 1170121 0.354582121212
3400000 1170143 0.344159705882
3500000 1170165 0.334332857143
3600000 1170181 0.325050277778
3700000 1170193 0.316268378378
3800000 1170215 0.307951315789
3900000 1170226 0.300057948718
4000000 1170237 0.29255925
4100000 1170247 0.285426097561
4200000 1170259 0.278633095238
4300000 1170264 0.272154418605
4400000 1170269 0.265970227273
4500000 1170275 0.260061111111
4600000 1170282 0.254409130435
4639675 1170283 0.252233831033
