100000 99997 0.99997
200000 199583 0.997915
300000 298351 0.994503333333
400000 396857 0.9921425
500000 495044 0.990088
600000 593020 0.988366666667
700000 690540 0.986485714286
800000 786795 0.98349375
900000 880124 0.977915555556
1000000 967529 0.967529
1100000 1046771 0.95161
1200000 1116742 0.930618333333
1300000 1175042 0.903878461538
1400000 1223549 0.873963571429
1500000 1264320 0.84288
1600000 1294648 0.809155
1700000 1320884 0.776990588235
1800000 1343884 0.746602222222
1900000 1359928 0.715751578947
2000000 1375939 0.6879695
2100000 1390814 0.662292380952
2200000 1401393 0.636996818182
2300000 1413455 0.614545652174
2400000 1424786 0.593660833333
2500000 1432916 0.5731664
2600000 1443412 0.555158461538
2700000 1452989 0.538144074074
2800000 1459926 0.521402142857
2900000 1469479 0.506716896552
3000000 1477945 0.492648333333
3100000 1484403 0.478839677419
3200000 1493701 0.4667815625
3300000 1501183 0.454903939394
3400000 1507255 0.443310294118
3500000 1516268 0.433219428571
3600000 1523226 0.423118333333
3700000 1529270 0.413316216216
3800000 1537999 0.404736578947
3900000 1544329 0.395981794872
4000000 1550064 0.387516
4100000 1558607 0.38014804878
4200000 1564690 0.372545238095
4300000 1570844 0.36531255814
4400000 1579278 0.358926818182
4500000 1585428 0.352317333333
4600000 1591938 0.346073478261
4700000 1600159 0.340459361702
4800000 1605803 0.334542291667
4863836 1609639 0.33094022907
